# PSPP (Postage Stamp with Subtraction) Maksimum Skorlar ve Diziler
# Olusturulma Tarihi: 2026-08-25 16:14:01
# Format: P, M(P), Delta Dizisi, Kumulatif Dizi
===========================================================================
P =  1 | M =   2 | Delta: [1]
          | Dizi : [1]
P =  2 | M =   6 | Delta: [2, 1]
          | Dizi : [2, 3]
P =  3 | M =  10 (Cozum #1) | Delta: [2, 2, 1]
          | Dizi : [2, 4, 5]
P =  3 | M =  10 (Cozum #2) | Delta: [3, 1, 1]
          | Dizi : [3, 4, 5]
P =  4 | M =  16 (Cozum #1) | Delta: [1, 1, 6, 5]
          | Dizi : [1, 2, 8, 13]
P =  4 | M =  16 (Cozum #2) | Delta: [3, 3, 1, 1]
          | Dizi : [3, 6, 7, 8]
P =  4 | M =  16 (Cozum #3) | Delta: [4, 2, 1, 2]
          | Dizi : [4, 6, 7, 9]
P =  5 | M =  24 | Delta: [4, 4, 2, 1, 2]
          | Dizi : [4, 8, 10, 11, 13]
P =  6 | M =  32 (Cozum #1) | Delta: [4, 4, 4, 2, 1, 2]
          | Dizi : [4, 8, 12, 14, 15, 17]
P =  6 | M =  32 (Cozum #2) | Delta: [5, 2, 5, 1, 2, 1]
          | Dizi : [5, 7, 12, 13, 15, 16]
P =  7 | M =  40 (Cozum #1) | Delta: [2, 2, 1, 14, 1, 11, 1]
          | Dizi : [2, 4, 5, 19, 20, 31, 32]
P =  7 | M =  40 (Cozum #2) | Delta: [2, 9, 2, 1, 4, 1, 2]
          | Dizi : [2, 11, 13, 14, 18, 19, 21]
P =  7 | M =  40 (Cozum #3) | Delta: [2, 11, 1, 2, 1, 5, 1]
          | Dizi : [2, 13, 14, 16, 17, 22, 23]
P =  7 | M =  40 (Cozum #4) | Delta: [4, 4, 4, 4, 2, 1, 2]
          | Dizi : [4, 8, 12, 16, 18, 19, 21]
P =  7 | M =  40 (Cozum #5) | Delta: [5, 5, 5, 2, 1, 1, 2]
          | Dizi : [5, 10, 15, 17, 18, 19, 21]
P =  7 | M =  40 (Cozum #6) | Delta: [5, 6, 2, 4, 2, 1, 20]
          | Dizi : [5, 11, 13, 17, 19, 20, 40]
P =  7 | M =  40 (Cozum #7) | Delta: [6, 6, 3, 1, 1, 2, 1]
          | Dizi : [6, 12, 15, 16, 17, 19, 20]
P =  7 | M =  40 (Cozum #8) | Delta: [7, 2, 6, 2, 2, 1, 20]
          | Dizi : [7, 9, 15, 17, 19, 20, 40]
P =  8 | M =  52 (Cozum #1) | Delta: [2, 2, 2, 1, 18, 1, 15, 1]
          | Dizi : [2, 4, 6, 7, 25, 26, 41, 42]
P =  8 | M =  52 (Cozum #2) | Delta: [5, 3, 11, 1, 2, 1, 6, 26]
          | Dizi : [5, 8, 19, 20, 22, 23, 29, 55]
P =  8 | M =  52 (Cozum #3) | Delta: [6, 6, 6, 3, 1, 1, 2, 1]
          | Dizi : [6, 12, 18, 21, 22, 23, 25, 26]
P =  9 | M =  64 | Delta: [6, 6, 6, 6, 3, 1, 1, 2, 1]
          | Dizi : [6, 12, 18, 24, 27, 28, 29, 31, 32]
P = 10 | M =  76 | Delta: [6, 6, 6, 6, 6, 3, 1, 1, 2, 1]
          | Dizi : [6, 12, 18, 24, 30, 33, 34, 35, 37, 38]
P = 11 | M =  90 (Cozum #1) | Delta: [8, 8, 8, 8, 4, 2, 3, 1, 1, 2, 2]
          | Dizi : [8, 16, 24, 32, 36, 38, 41, 42, 43, 45, 47]
P = 11 | M =  90 (Cozum #2) | Delta: [8, 8, 8, 6, 2, 3, 4, 2, 1, 2, 1]
          | Dizi : [8, 16, 24, 30, 32, 35, 39, 41, 42, 44, 45]
P = 12 | M = 106 (Cozum #1) | Delta: [8, 8, 8, 8, 8, 4, 2, 3, 1, 1, 2, 2]
          | Dizi : [8, 16, 24, 32, 40, 44, 46, 49, 50, 51, 53, 55]
P = 12 | M = 106 (Cozum #2) | Delta: [8, 8, 8, 8, 6, 2, 3, 4, 2, 1, 2, 1]
          | Dizi : [8, 16, 24, 32, 38, 40, 43, 47, 49, 50, 52, 53]
P = 13 | M = 122 (Cozum #1) | Delta: [8, 8, 8, 8, 8, 8, 4, 2, 3, 1, 1, 2, 2]
          | Dizi : [8, 16, 24, 32, 40, 48, 52, 54, 57, 58, 59, 61, 63]
P = 13 | M = 122 (Cozum #2) | Delta: [9, 9, 9, 9, 9, 1, 4, 3, 3, 1, 1, 2, 1]
          | Dizi : [9, 18, 27, 36, 45, 46, 50, 53, 56, 57, 58, 60, 61]
P = 14 | M = 140 | Delta: [9, 9, 9, 9, 9, 9, 1, 4, 3, 3, 1, 1, 2, 1]
          | Dizi : [9, 18, 27, 36, 45, 54, 55, 59, 62, 65, 66, 67, 69, 70]
P = 15 | M = 158 (Cozum #1) | Delta: [10, 10, 10, 10, 10, 10, 2, 3, 1, 5, 2, 1, 3, 1, 1]
          | Dizi : [10, 20, 30, 40, 50, 60, 62, 65, 66, 71, 73, 74, 77, 78, 79]
P = 15 | M = 158 (Cozum #2) | Delta: [9, 9, 9, 9, 9, 9, 9, 1, 4, 3, 3, 1, 1, 2, 1]
          | Dizi : [9, 18, 27, 36, 45, 54, 63, 64, 68, 71, 74, 75, 76, 78, 79]
P = 16 | M = 178 | Delta: [10, 10, 10, 10, 10, 10, 10, 2, 3, 1, 5, 2, 1, 3, 1, 1]
          | Dizi : [10, 20, 30, 40, 50, 60, 70, 72, 75, 76, 81, 83, 84, 87, 88, 89]
P = 17 | M = 198 (Cozum #1) | Delta: [10, 10, 10, 10, 10, 10, 10, 10, 2, 3, 1, 5, 2, 1, 3, 1, 1]
          | Dizi : [10, 20, 30, 40, 50, 60, 70, 80, 82, 85, 86, 91, 93, 94, 97, 98, 99]
P = 17 | M = 198 (Cozum #2) | Delta: [11, 11, 11, 11, 11, 11, 11, 3, 4, 1, 5, 2, 1, 1, 3, 1, 2]
          | Dizi : [11, 22, 33, 44, 55, 66, 77, 80, 84, 85, 90, 92, 93, 94, 97, 98, 100]
P = 18 | M = 220 | Delta: [11, 11, 11, 11, 11, 11, 11, 11, 3, 4, 1, 5, 2, 1, 1, 3, 1, 2]
          | Dizi : [11, 22, 33, 44, 55, 66, 77, 88, 91, 95, 96, 101, 103, 104, 105, 108, 109, 111]
P = 19 | M = 242 | Delta: [11, 11, 11, 11, 11, 11, 11, 11, 11, 3, 4, 1, 5, 2, 1, 1, 3, 1, 2]
          | Dizi : [11, 22, 33, 44, 55, 66, 77, 88, 99, 102, 106, 107, 112, 114, 115, 116, 119, 120, 122]
P = 20 | M = 264 (Cozum #1) | Delta: [11, 11, 11, 11, 11, 11, 11, 11, 11, 11, 3, 4, 1, 5, 2, 1, 1, 3, 1, 2]
          | Dizi : [11, 22, 33, 44, 55, 66, 77, 88, 99, 110, 113, 117, 118, 123, 125, 126, 127, 130, 131, 133]
P = 20 | M = 264 (Cozum #2) | Delta: [12, 12, 12, 12, 12, 12, 12, 12, 12, 2, 5, 3, 6, 1, 1, 2, 1, 2, 2, 2]
          | Dizi : [12, 24, 36, 48, 60, 72, 84, 96, 108, 110, 115, 118, 124, 125, 126, 128, 129, 131, 133, 135]
===========================================================================
# OEIS Dizi Terimleri (M(P)):
2, 6, 10, 16, 24, 32, 40, 52, 64, 76, 90, 106, 122, 140, 158, 178, 198, 220, 242, 264
